Melhores parâmetros encontrados:
q_pressao_div: 0.007671468224213146
r_alpha_div: 3.455607894348859e-05
r_n_div: 2.35665126267062e-05

Menor erro total: 46810270.73937042
