Melhores parâmetros encontrados:
q_pressao_div: 9.012890204376165e-05
r_alpha_div: 1.0008023345347609e-05
r_n_div: 0.1364057824900683

Menor erro total: 314183.485232171
